150 5548
1 4 60
1 5 46
1 7 38
1 9 18
1 10 39
1 14 44
1 17 11
1 22 39
1 26 46
1 27 44
1 28 50
1 32 7
1 34 22
1 37 21
1 39 73
1 42 49
1 43 6
1 45 37
1 46 8
1 48 54
1 50 43
1 53 27
1 54 56
1 55 34
1 58 82
1 67 27
1 69 22
1 71 60
1 72 100
1 73 97
1 76 32
1 77 41
1 85 54
1 87 7
1 94 1
1 99 30
1 101 53
1 104 61
1 106 100
1 107 32
1 109 44
1 111 84
1 112 32
1 114 43
1 119 92
1 123 98
1 124 34
1 126 73
1 127 39
1 129 49
1 130 40
1 131 20
1 134 15
1 135 72
1 136 100
1 137 90
1 138 98
1 140 81
1 141 55
1 143 3
1 144 51
1 146 40
1 147 65
2 3 13
2 6 85
2 9 9
2 10 70
2 12 76
2 13 31
2 14 21
2 15 43
2 18 91
2 19 78
2 21 48
2 23 75
2 25 75
2 26 77
2 27 90
2 28 1
2 30 56
2 31 59
2 32 94
2 37 15
2 38 86
2 40 21
2 41 59
2 42 6
2 43 30
2 45 83
2 48 69
2 49 31
2 51 65
2 53 21
2 54 94
2 55 99
2 56 63
2 58 48
2 62 11
2 63 89
2 64 36
2 68 77
2 71 85
2 74 24
2 76 61
2 77 87
2 79 14
2 82 74
2 83 83
2 86 73
2 88 15
2 90 94
2 91 70
2 92 70
2 93 69
2 96 57
2 99 96
2 101 93
2 102 19
2 103 68
2 109 92
2 116 48
2 118 98
2 120 65
2 121 68
2 122 41
2 125 73
2 127 71
2 128 50
2 130 16
2 131 17
2 133 46
2 134 61
2 135 32
2 136 53
2 137 57
2 139 88
2 140 67
2 141 6
2 142 91
2 143 95
2 145 79
2 148 5
2 149 23
3 4 83
3 5 54
3 10 22
3 13 66
3 14 73
3 16 53
3 17 22
3 18 89
3 20 52
3 21 9
3 24 36
3 25 30
3 27 19
3 29 86
3 30 27
3 31 91
3 35 59
3 37 24
3 38 64
3 39 87
3 40 29
3 42 6
3 43 94
3 44 27
3 45 84
3 47 5
3 50 35
3 51 6
3 54 71
3 56 7
3 57 47
3 58 72
3 60 25
3 62 88
3 63 94
3 67 58
3 68 67
3 69 27
3 75 89
3 76 15
3 78 46
3 79 37
3 80 26
3 81 31
3 83 22
3 84 13
3 85 98
3 98 53
3 102 46
3 104 75
3 109 59
3 110 40
3 112 38
3 113 19
3 116 8
3 117 96
3 119 84
3 121 93
3 122 74
3 124 82
3 125 89
3 126 83
3 127 2
3 131 69
3 133 79
3 135 9
3 136 55
3 137 48
3 138 59
3 139 88
3 142 8
3 144 54
3 145 38
3 147 51
3 150 22
4 6 25
4 7 58
4 11 5
4 20 14
4 22 89
4 24 17
4 26 81
4 27 71
4 29 37
4 34 64
4 35 75
4 40 98
4 41 45
4 42 58
4 43 39
4 47 10
4 48 87
4 51 29
4 52 74
4 54 98
4 58 90
4 59 73
4 60 70
4 61 49
4 62 49
4 63 95
4 66 43
4 68 35
4 69 86
4 72 51
4 73 18
4 74 53
4 75 59
4 78 51
4 79 88
4 80 37
4 82 32
4 84 85
4 85 40
4 86 95
4 90 26
4 92 91
4 94 5
4 98 22
4 99 3
4 101 46
4 102 49
4 103 71
4 104 20
4 105 84
4 106 28
4 107 69
4 108 82
4 111 52
4 112 25
4 114 2
4 115 14
4 116 13
4 118 91
4 119 91
4 120 26
4 122 16
4 123 8
4 124 53
4 125 34
4 128 77
4 132 99
4 133 77
4 135 18
4 136 18
4 137 98
4 139 17
4 140 77
4 142 30
4 143 46
4 144 61
4 147 77
4 148 71
5 7 58
5 9 46
5 12 58
5 14 48
5 16 18
5 18 85
5 19 37
5 22 31
5 23 48
5 24 65
5 25 100
5 29 2
5 31 83
5 32 61
5 34 28
5 36 23
5 37 79
5 38 52
5 43 13
5 45 90
5 48 70
5 49 5
5 51 78
5 53 10
5 55 14
5 57 37
5 58 44
5 59 72
5 60 45
5 62 69
5 64 11
5 65 53
5 67 13
5 69 80
5 70 22
5 72 71
5 74 64
5 79 35
5 80 27
5 86 84
5 88 48
5 89 79
5 90 95
5 91 16
5 92 73
5 93 56
5 95 5
5 96 15
5 99 58
5 101 90
5 103 91
5 105 77
5 106 64
5 107 81
5 110 98
5 111 22
5 112 54
5 113 12
5 114 35
5 115 77
5 117 38
5 122 3
5 124 22
5 125 43
5 133 91
5 135 70
5 136 99
5 137 43
5 138 35
5 139 74
5 141 63
5 145 26
5 147 78
5 148 58
5 149 73
6 8 26
6 9 64
6 10 10
6 11 10
6 12 36
6 13 32
6 14 97
6 16 92
6 17 62
6 20 45
6 22 32
6 23 12
6 25 79
6 27 42
6 28 62
6 30 18
6 33 43
6 34 69
6 35 85
6 36 73
6 38 25
6 40 64
6 41 18
6 42 44
6 45 28
6 46 82
6 47 15
6 48 28
6 51 49
6 52 59
6 54 19
6 56 61
6 57 34
6 58 90
6 61 2
6 62 4
6 63 27
6 65 19
6 67 32
6 68 99
6 74 79
6 76 42
6 78 85
6 82 30
6 84 25
6 87 82
6 89 57
6 90 38
6 93 61
6 95 65
6 96 98
6 97 54
6 100 31
6 106 40
6 110 31
6 114 49
6 117 11
6 118 21
6 119 100
6 120 9
6 123 50
6 125 44
6 126 11
6 128 2
6 133 90
6 134 4
6 135 18
6 138 97
6 139 49
6 142 37
6 144 54
6 145 26
6 148 66
6 149 58
7 8 14
7 9 12
7 10 83
7 12 69
7 13 21
7 15 15
7 17 46
7 18 32
7 19 73
7 20 81
7 21 40
7 24 46
7 25 25
7 26 87
7 30 5
7 31 50
7 33 22
7 34 97
7 35 37
7 36 59
7 40 89
7 41 21
7 44 54
7 45 81
7 47 34
7 50 11
7 51 77
7 55 74
7 56 38
7 58 17
7 61 17
7 63 22
7 64 50
7 65 6
7 66 54
7 67 40
7 68 75
7 70 97
7 71 13
7 72 52
7 73 41
7 74 70
7 80 68
7 82 4
7 84 37
7 85 24
7 86 5
7 88 100
7 92 66
7 94 2
7 96 72
7 99 100
7 101 45
7 107 38
7 110 73
7 112 64
7 116 62
7 118 3
7 122 11
7 123 65
7 124 38
7 125 70
7 128 80
7 133 75
7 135 7
7 137 36
7 138 63
7 140 57
7 141 22
7 146 92
7 147 32
7 148 2
8 13 64
8 18 7
8 22 44
8 25 85
8 28 57
8 29 20
8 35 16
8 37 14
8 39 23
8 42 81
8 43 54
8 45 18
8 50 7
8 55 53
8 59 53
8 60 32
8 61 83
8 62 22
8 64 47
8 67 24
8 69 11
8 70 82
8 72 8
8 74 17
8 75 77
8 76 19
8 78 77
8 80 38
8 81 30
8 82 70
8 83 99
8 85 24
8 89 99
8 93 33
8 96 25
8 97 1
8 98 1
8 99 55
8 100 14
8 101 73
8 104 69
8 106 44
8 111 27
8 113 27
8 116 8
8 117 71
8 119 3
8 120 37
8 123 82
8 126 91
8 129 16
8 132 42
8 134 74
8 135 46
8 136 12
8 137 26
8 138 42
8 140 74
8 144 65
8 146 32
8 147 33
8 148 36
8 149 41
9 13 91
9 14 60
9 15 2
9 17 73
9 19 70
9 20 38
9 21 48
9 22 45
9 23 72
9 24 32
9 27 7
9 29 98
9 30 54
9 31 89
9 37 93
9 38 85
9 40 73
9 41 7
9 42 17
9 43 38
9 44 97
9 45 80
9 48 62
9 49 95
9 52 2
9 53 40
9 54 70
9 58 10
9 60 15
9 62 31
9 64 64
9 65 7
9 68 7
9 69 79
9 70 49
9 71 25
9 73 41
9 74 54
9 77 63
9 81 49
9 84 84
9 85 16
9 86 58
9 87 19
9 88 72
9 89 72
9 91 69
9 93 14
9 95 4
9 97 70
9 98 35
9 101 81
9 104 4
9 106 63
9 110 95
9 111 13
9 112 46
9 114 13
9 115 88
9 116 17
9 119 8
9 120 27
9 123 5
9 124 23
9 125 9
9 126 72
9 127 61
9 129 75
9 134 87
9 135 91
9 137 52
9 138 59
9 139 24
9 140 42
9 143 65
9 145 74
9 147 27
9 148 82
9 150 73
10 14 73
10 15 27
10 16 57
10 19 57
10 22 99
10 27 68
10 29 27
10 31 2
10 33 1
10 34 87
10 36 72
10 38 81
10 39 100
10 41 4
10 42 31
10 43 49
10 44 3
10 50 90
10 51 94
10 52 17
10 55 5
10 59 91
10 60 24
10 63 38
10 66 93
10 68 47
10 73 30
10 76 8
10 83 62
10 84 44
10 91 100
10 94 60
10 97 73
10 99 80
10 102 31
10 103 66
10 104 93
10 106 43
10 107 41
10 112 35
10 115 47
10 121 19
10 123 76
10 124 13
10 125 3
10 126 57
10 131 7
10 133 43
10 135 94
10 136 16
10 137 86
10 139 27
10 141 17
10 142 24
10 144 78
10 147 74
10 148 97
10 149 13
10 150 71
11 14 15
11 15 46
11 16 37
11 17 18
11 19 73
11 22 36
11 24 91
11 28 33
11 33 81
11 34 5
11 35 45
11 36 49
11 38 60
11 39 41
11 40 20
11 43 23
11 44 95
11 46 65
11 47 65
11 48 19
11 50 55
11 53 92
11 55 26
11 56 32
11 57 12
11 59 70
11 61 75
11 63 74
11 65 18
11 66 61
11 67 65
11 71 88
11 72 35
11 73 12
11 74 24
11 75 78
11 76 4
11 78 20
11 79 40
11 80 64
11 81 31
11 89 24
11 90 88
11 92 96
11 93 74
11 95 77
11 99 48
11 100 67
11 101 7
11 102 31
11 103 70
11 105 56
11 106 70
11 107 64
11 108 4
11 109 89
11 110 92
11 113 74
11 115 2
11 116 86
11 119 89
11 120 83
11 121 81
11 123 14
11 125 29
11 126 7
11 129 3
11 136 47
11 139 28
11 143 7
11 146 89
11 148 61
11 149 7
12 13 72
12 15 89
12 16 96
12 17 32
12 18 33
12 19 94
12 21 18
12 23 43
12 24 39
12 25 29
12 27 57
12 29 1
12 30 2
12 32 73
12 33 75
12 34 33
12 35 58
12 36 43
12 37 49
12 43 54
12 44 42
12 48 33
12 49 5
12 53 14
12 55 3
12 56 98
12 57 44
12 65 62
12 69 81
12 74 57
12 75 24
12 76 82
12 80 32
12 81 13
12 82 9
12 83 17
12 85 33
12 89 55
12 93 90
12 95 2
12 97 15
12 98 65
12 99 64
12 102 36
12 103 71
12 107 76
12 108 79
12 112 84
12 113 40
12 117 29
12 118 95
12 119 16
12 121 86
12 123 97
12 124 22
12 126 86
12 128 84
12 129 17
12 130 80
12 132 90
12 135 93
12 137 1
12 140 21
12 141 14
12 143 78
12 145 12
12 146 83
12 148 83
12 150 74
13 14 72
13 15 38
13 18 67
13 20 60
13 21 52
13 23 2
13 24 18
13 29 30
13 30 73
13 31 27
13 32 62
13 33 55
13 34 80
13 35 73
13 37 55
13 40 33
13 42 31
13 43 75
13 44 95
13 46 68
13 47 4
13 50 83
13 52 98
13 57 52
13 60 49
13 66 19
13 69 81
13 70 44
13 72 15
13 75 32
13 78 10
13 81 27
13 83 47
13 86 97
13 88 56
13 89 18
13 93 83
13 94 23
13 95 15
13 97 11
13 98 62
13 101 7
13 102 43
13 103 10
13 105 63
13 108 12
13 111 52
13 114 72
13 118 14
13 121 90
13 123 29
13 124 13
13 126 46
13 127 72
13 128 67
13 129 37
13 131 82
13 133 54
13 134 86
13 135 39
13 139 34
13 142 89
13 143 17
13 144 6
13 145 53
13 146 42
13 148 15
14 15 42
14 16 73
14 17 43
14 18 52
14 19 26
14 21 11
14 22 23
14 23 46
14 25 21
14 28 71
14 32 78
14 33 87
14 35 85
14 42 5
14 43 41
14 45 9
14 47 54
14 48 94
14 49 89
14 50 92
14 52 67
14 56 70
14 57 86
14 58 2
14 59 51
14 60 83
14 63 82
14 64 17
14 65 71
14 66 98
14 69 13
14 70 97
14 71 63
14 74 28
14 77 85
14 78 47
14 80 37
14 84 2
14 85 96
14 88 61
14 89 49
14 90 5
14 91 4
14 92 49
14 93 78
14 96 7
14 98 31
14 105 36
14 106 68
14 115 33
14 116 100
14 117 60
14 118 37
14 120 15
14 123 27
14 124 83
14 125 53
14 126 16
14 127 59
14 129 96
14 132 92
14 133 89
14 135 44
14 137 22
14 139 58
14 143 36
14 145 9
14 146 41
14 147 97
14 148 61
15 18 68
15 20 98
15 21 32
15 23 72
15 24 11
15 25 36
15 33 92
15 35 25
15 39 12
15 40 62
15 45 4
15 46 6
15 49 39
15 52 25
15 54 93
15 56 91
15 57 15
15 58 49
15 61 38
15 62 63
15 68 16
15 72 72
15 74 37
15 76 98
15 81 23
15 82 41
15 83 8
15 85 13
15 86 3
15 87 64
15 90 28
15 92 78
15 93 43
15 96 53
15 97 31
15 99 3
15 101 85
15 104 96
15 108 32
15 111 31
15 113 63
15 114 96
15 118 62
15 119 97
15 120 98
15 121 43
15 123 67
15 125 97
15 126 76
15 127 24
15 132 81
15 133 42
15 135 31
15 136 62
15 138 8
15 139 86
15 140 88
15 141 80
15 142 43
15 144 92
15 145 73
15 146 89
15 147 77
15 148 7
15 149 82
15 150 100
16 17 4
16 21 99
16 22 97
16 23 43
16 24 3
16 29 95
16 32 64
16 36 86
16 37 69
16 39 70
16 40 90
16 42 55
16 44 65
16 45 67
16 46 38
16 47 97
16 51 91
16 52 3
16 53 10
16 55 71
16 56 11
16 57 78
16 60 55
16 62 3
16 69 68
16 70 35
16 74 4
16 75 2
16 76 29
16 78 6
16 84 43
16 85 4
16 92 83
16 93 81
16 94 34
16 95 64
16 101 79
16 102 86
16 104 53
16 105 34
16 110 80
16 112 4
16 117 100
16 118 63
16 119 96
16 120 36
16 122 56
16 123 68
16 125 64
16 128 64
16 130 52
16 133 53
16 134 65
16 138 70
16 140 28
16 141 40
16 146 61
16 149 46
16 150 46
17 22 77
17 26 23
17 29 85
17 31 73
17 35 45
17 37 29
17 38 8
17 44 16
17 45 74
17 48 4
17 49 45
17 50 20
17 51 47
17 52 69
17 54 94
17 55 71
17 59 94
17 61 38
17 63 50
17 64 92
17 66 81
17 73 59
17 74 58
17 75 63
17 77 4
17 78 81
17 79 65
17 80 91
17 81 16
17 82 81
17 83 54
17 84 4
17 86 94
17 90 75
17 91 69
17 92 48
17 95 40
17 97 43
17 98 54
17 101 8
17 105 7
17 106 91
17 110 39
17 111 20
17 112 36
17 113 99
17 115 63
17 118 44
17 119 27
17 122 77
17 123 30
17 127 74
17 128 74
17 129 6
17 130 2
17 132 71
17 135 65
17 136 72
17 137 46
17 139 70
17 143 19
17 144 84
17 146 84
17 147 95
17 148 71
18 19 58
18 20 54
18 22 92
18 26 71
18 27 72
18 29 68
18 32 86
18 34 28
18 35 20
18 36 52
18 37 80
18 40 85
18 41 100
18 46 55
18 47 91
18 48 1
18 51 30
18 52 54
18 54 3
18 55 99
18 56 65
18 60 97
18 62 29
18 64 99
18 66 32
18 69 93
18 71 43
18 72 94
18 73 63
18 74 16
18 78 71
18 79 77
18 80 66
18 82 21
18 83 69
18 85 34
18 90 81
18 91 62
18 92 63
18 93 42
18 95 38
18 96 56
18 97 88
18 101 85
18 102 45
18 106 17
18 115 89
18 116 73
18 119 97
18 121 82
18 125 98
18 126 60
18 127 42
18 128 43
18 133 15
18 135 64
18 136 94
18 138 17
18 139 19
18 140 38
18 141 77
18 144 90
18 146 39
18 147 52
18 150 22
19 27 95
19 28 26
19 30 27
19 33 54
19 34 43
19 35 93
19 36 100
19 38 20
19 40 79
19 42 5
19 46 2
19 47 71
19 48 77
19 49 96
19 50 4
19 51 90
19 52 1
19 54 50
19 55 70
19 57 56
19 58 99
19 59 31
19 62 58
19 63 68
19 64 12
19 67 100
19 69 4
19 71 54
19 74 22
19 76 57
19 78 48
19 82 98
19 83 66
19 88 65
19 90 37
19 91 59
19 94 87
19 98 33
19 99 55
19 100 80
19 102 2
19 103 93
19 104 12
19 106 41
19 109 61
19 110 20
19 111 53
19 113 98
19 114 63
19 117 96
19 120 16
19 123 16
19 124 88
19 125 89
19 127 27
19 131 16
19 132 3
19 133 66
19 135 15
19 136 20
19 137 14
19 138 86
19 141 5
19 142 31
19 147 15
19 149 15
20 24 12
20 25 18
20 26 12
20 29 25
20 30 70
20 31 40
20 35 80
20 36 73
20 39 86
20 44 64
20 45 74
20 46 23
20 48 79
20 49 76
20 51 35
20 57 24
20 58 26
20 59 3
20 60 90
20 61 43
20 64 90
20 69 73
20 72 86
20 73 26
20 74 60
20 76 46
20 80 9
20 86 61
20 88 59
20 96 47
20 97 5
20 98 68
20 101 25
20 102 10
20 103 28
20 104 95
20 105 62
20 106 95
20 107 100
20 108 21
20 110 15
20 112 91
20 113 58
20 114 66
20 116 4
20 118 88
20 122 2
20 123 15
20 124 27
20 125 12
20 127 51
20 128 4
20 130 19
20 131 48
20 133 88
20 135 38
20 136 32
20 138 5
20 139 16
20 140 42
20 143 30
20 147 27
20 149 34
20 150 75
21 23 51
21 24 80
21 25 89
21 26 45
21 27 90
21 30 69
21 31 29
21 32 29
21 36 16
21 37 77
21 39 76
21 42 79
21 43 72
21 45 20
21 49 38
21 50 80
21 53 77
21 55 58
21 57 46
21 62 48
21 66 95
21 68 83
21 69 58
21 71 30
21 72 47
21 73 88
21 74 95
21 75 91
21 76 44
21 80 49
21 81 99
21 82 78
21 83 2
21 84 93
21 88 20
21 91 92
21 93 49
21 95 83
21 96 89
21 97 60
21 98 47
21 100 61
21 107 37
21 108 12
21 109 70
21 111 14
21 112 81
21 115 46
21 120 96
21 122 23
21 127 69
21 131 94
21 132 78
21 135 83
21 138 96
21 139 8
21 141 97
21 143 46
21 145 54
21 150 45
22 24 18
22 26 92
22 28 32
22 30 91
22 31 3
22 32 76
22 42 69
22 44 62
22 46 100
22 47 82
22 48 17
22 49 92
22 54 79
22 55 56
22 58 31
22 61 67
22 62 73
22 63 35
22 64 20
22 66 7
22 68 86
22 69 79
22 70 70
22 71 61
22 72 61
22 73 7
22 75 73
22 79 82
22 84 52
22 85 19
22 88 69
22 89 55
22 92 16
22 93 7
22 94 2
22 97 10
22 98 88
22 100 26
22 101 95
22 102 17
22 103 74
22 104 65
22 106 89
22 107 43
22 109 36
22 110 58
22 112 94
22 115 85
22 120 19
22 122 86
22 125 99
22 128 38
22 130 43
22 131 89
22 132 89
22 134 44
22 138 28
22 139 36
22 140 45
22 141 12
22 142 5
22 143 51
22 146 65
22 149 70
23 25 61
23 26 59
23 27 74
23 28 26
23 29 77
23 30 10
23 33 62
23 37 16
23 38 85
23 39 34
23 40 60
23 41 77
23 43 32
23 44 79
23 48 100
23 49 55
23 51 72
23 52 47
23 53 52
23 54 74
23 55 85
23 56 71
23 58 36
23 59 6
23 61 16
23 64 43
23 67 17
23 69 67
23 70 87
23 74 23
23 75 8
23 76 10
23 77 31
23 80 30
23 81 70
23 85 89
23 86 70
23 88 96
23 90 70
23 98 61
23 100 63
23 101 66
23 103 13
23 106 46
23 110 13
23 114 43
23 115 26
23 116 58
23 117 12
23 119 12
23 121 16
23 122 82
23 124 62
23 125 86
23 126 19
23 132 61
23 135 38
23 136 97
23 139 12
23 140 58
23 143 17
23 144 78
23 145 66
24 26 34
24 28 66
24 29 17
24 30 89
24 33 76
24 36 25
24 38 95
24 39 10
24 41 6
24 49 81
24 50 5
24 54 40
24 55 36
24 56 94
24 57 62
24 62 31
24 64 59
24 68 67
24 69 80
24 70 26
24 72 47
24 73 95
24 74 49
24 75 28
24 77 55
24 79 66
24 80 77
24 81 18
24 83 10
24 85 75
24 87 30
24 88 82
24 89 55
24 93 39
24 95 27
24 97 38
24 99 19
24 101 21
24 103 36
24 106 46
24 108 14
24 109 19
24 111 48
24 112 88
24 114 89
24 116 71
24 118 54
24 121 15
24 122 99
24 123 27
24 124 47
24 126 49
24 127 24
24 129 24
24 130 52
24 131 33
24 133 80
24 136 94
24 138 20
24 140 6
24 141 47
24 145 94
24 146 87
24 147 4
25 27 34
25 28 61
25 29 42
25 30 77
25 32 99
25 33 22
25 37 92
25 43 79
25 49 28
25 50 86
25 51 9
25 52 90
25 55 8
25 57 25
25 59 4
25 60 64
25 63 77
25 64 46
25 68 51
25 69 62
25 75 9
25 76 12
25 78 14
25 80 90
25 83 93
25 84 31
25 85 13
25 89 31
25 91 53
25 92 28
25 94 25
25 97 95
25 99 60
25 103 25
25 106 2
25 109 30
25 112 83
25 113 24
25 115 2
25 118 49
25 119 21
25 120 7
25 121 72
25 125 46
25 130 56
25 131 9
25 134 47
25 141 55
25 145 86
25 146 2
25 148 53
25 149 53
25 150 45
26 27 42
26 28 43
26 33 93
26 34 55
26 43 48
26 44 46
26 45 56
26 48 89
26 49 44
26 51 16
26 56 87
26 57 65
26 58 72
26 59 70
26 61 16
26 65 79
26 66 93
26 67 70
26 68 54
26 72 82
26 74 11
26 76 31
26 77 16
26 85 40
26 89 10
26 90 33
26 91 36
26 92 25
26 93 59
26 94 75
26 96 18
26 97 36
26 98 2
26 100 73
26 101 62
26 102 40
26 107 82
26 110 71
26 111 93
26 113 99
26 119 13
26 120 14
26 121 85
26 124 39
26 125 12
26 126 25
26 127 34
26 133 32
26 135 94
26 136 42
26 137 76
26 138 82
26 145 38
26 148 85
26 149 100
26 150 27
27 30 73
27 31 89
27 32 14
27 33 68
27 35 83
27 36 70
27 38 58
27 39 61
27 42 47
27 44 17
27 45 54
27 46 14
27 48 50
27 49 53
27 50 86
27 53 14
27 55 8
27 57 100
27 60 31
27 61 57
27 62 42
27 67 70
27 69 37
27 70 52
27 71 95
27 73 89
27 75 62
27 78 4
27 80 3
27 81 94
27 83 73
27 84 5
27 85 31
27 87 48
27 89 43
27 90 32
27 91 87
27 92 20
27 93 60
27 100 61
27 103 96
27 105 1
27 109 99
27 110 72
27 112 36
27 113 7
27 117 4
27 119 39
27 120 71
27 123 18
27 127 11
27 132 56
27 134 83
27 135 72
27 137 54
27 139 43
27 141 52
27 146 26
27 147 32
27 149 34
28 30 11
28 31 83
28 32 36
28 33 56
28 34 97
28 35 21
28 36 82
28 37 17
28 39 23
28 40 76
28 43 97
28 45 22
28 47 33
28 48 87
28 49 35
28 51 93
28 53 42
28 54 98
28 56 52
28 60 40
28 63 24
28 64 14
28 66 44
28 67 60
28 69 25
28 71 17
28 74 60
28 78 61
28 79 69
28 85 32
28 89 83
28 90 37
28 91 9
28 92 85
28 93 8
28 94 41
28 99 90
28 100 41
28 101 80
28 107 30
28 113 4
28 116 24
28 124 90
28 125 61
28 127 93
28 135 83
28 141 42
28 142 87
28 143 70
28 146 58
28 147 32
29 30 45
29 32 12
29 33 38
29 34 14
29 35 80
29 40 38
29 41 14
29 42 20
29 43 68
29 44 78
29 45 94
29 49 75
29 50 2
29 52 63
29 53 21
29 54 63
29 56 58
29 57 32
29 58 22
29 60 82
29 61 77
29 63 93
29 64 94
29 65 31
29 67 80
29 71 23
29 76 52
29 78 3
29 79 73
29 80 97
29 81 83
29 82 18
29 83 85
29 85 90
29 86 97
29 87 32
29 90 59
29 92 50
29 93 48
29 95 100
29 99 78
29 100 88
29 101 64
29 102 9
29 105 66
29 106 74
29 107 65
29 108 43
29 109 14
29 110 27
29 112 60
29 115 15
29 116 3
29 118 96
29 121 59
29 124 1
29 128 19
29 129 64
29 130 27
29 131 10
29 136 17
29 137 55
29 141 97
29 143 80
29 145 76
29 149 66
29 150 3
30 32 23
30 33 53
30 34 46
30 37 48
30 39 78
30 41 88
30 44 78
30 45 44
30 46 95
30 50 8
30 56 98
30 59 93
30 60 32
30 61 96
30 62 35
30 63 20
30 64 40
30 65 21
30 66 38
30 68 38
30 69 57
30 70 66
30 72 4
30 75 4
30 76 44
30 77 53
30 78 86
30 82 76
30 83 8
30 84 80
30 85 25
30 91 44
30 93 29
30 96 42
30 99 94
30 100 66
30 101 71
30 102 35
30 103 10
30 104 74
30 106 12
30 108 19
30 110 42
30 111 67
30 112 22
30 115 45
30 118 74
30 120 18
30 122 3
30 123 35
30 127 79
30 128 43
30 131 42
30 132 18
30 138 11
30 142 41
30 145 14
30 147 40
30 149 6
31 32 86
31 34 12
31 35 68
31 36 84
31 38 63
31 43 4
31 45 47
31 48 73
31 49 75
31 51 13
31 52 99
31 53 36
31 54 52
31 55 47
31 56 76
31 59 73
31 60 90
31 62 21
31 63 14
31 64 82
31 65 20
31 67 90
31 68 38
31 69 35
31 72 99
31 73 3
31 76 83
31 77 100
31 78 47
31 79 92
31 80 43
31 83 63
31 84 72
31 92 88
31 93 44
31 94 66
31 95 23
31 96 29
31 102 59
31 105 25
31 107 48
31 109 100
31 110 78
31 114 4
31 115 10
31 117 15
31 118 9
31 119 49
31 122 72
31 123 30
31 126 81
31 128 64
31 130 12
31 132 52
31 135 63
31 137 30
31 142 1
31 143 94
31 144 78
31 146 51
31 147 23
31 148 68
31 149 74
31 150 48
32 33 97
32 34 43
32 36 83
32 39 25
32 40 91
32 41 39
32 42 5
32 43 100
32 44 84
32 46 78
32 47 83
32 49 11
32 50 41
32 52 62
32 53 6
32 54 22
32 55 33
32 56 9
32 58 50
32 59 99
32 64 61
32 65 20
32 66 75
32 67 35
32 69 50
32 72 19
32 74 69
32 75 7
32 78 24
32 79 36
32 81 89
32 83 17
32 85 98
32 88 96
32 89 52
32 90 2
32 92 31
32 95 97
32 96 57
32 98 75
32 99 11
32 100 8
32 106 74
32 111 27
32 113 76
32 114 22
32 115 80
32 116 69
32 117 70
32 118 48
32 119 22
32 121 93
32 122 25
32 124 4
32 125 61
32 126 72
32 127 80
32 129 60
32 130 69
32 133 48
32 135 76
32 136 45
32 141 86
32 145 61
32 146 9
33 34 56
33 38 64
33 40 58
33 43 78
33 45 60
33 46 52
33 47 80
33 52 18
33 53 51
33 54 88
33 56 56
33 57 5
33 60 50
33 62 35
33 65 5
33 71 98
33 72 38
33 73 27
33 76 8
33 77 77
33 78 40
33 80 39
33 84 48
33 85 80
33 86 44
33 89 25
33 91 32
33 92 19
33 93 35
33 95 73
33 97 75
33 99 54
33 100 9
33 102 9
33 103 52
33 105 24
33 109 91
33 111 57
33 112 34
33 113 91
33 115 92
33 117 5
33 119 71
33 120 41
33 121 2
33 122 60
33 123 8
33 133 2
33 134 45
33 136 48
33 144 7
33 145 33
33 146 17
33 147 97
33 148 34
33 149 99
34 35 13
34 36 35
34 41 34
34 44 42
34 45 86
34 50 49
34 53 57
34 54 19
34 55 43
34 56 30
34 60 19
34 61 84
34 62 76
34 63 67
34 64 39
34 65 85
34 66 100
34 71 7
34 77 99
34 78 26
34 79 35
34 80 53
34 82 34
34 83 94
34 86 5
34 87 43
34 88 29
34 92 59
34 94 12
34 99 81
34 102 58
34 107 16
34 110 71
34 111 43
34 112 74
34 113 27
34 114 19
34 115 9
34 116 44
34 117 6
34 119 36
34 120 76
34 121 98
34 122 5
34 124 89
34 125 9
34 126 1
34 127 81
34 128 26
34 129 26
34 130 14
34 131 17
34 133 93
34 141 11
34 142 79
34 143 8
34 144 74
34 145 73
34 146 61
34 147 2
34 149 69
35 40 14
35 41 54
35 44 60
35 46 57
35 48 11
35 49 52
35 52 30
35 55 57
35 57 88
35 58 6
35 59 81
35 62 65
35 63 60
35 64 42
35 67 39
35 68 57
35 70 65
35 72 7
35 75 75
35 76 47
35 77 80
35 79 61
35 80 62
35 81 30
35 82 79
35 87 81
35 88 28
35 91 93
35 92 11
35 93 39
35 94 35
35 97 6
35 98 44
35 99 12
35 102 43
35 104 63
35 105 67
35 107 21
35 108 21
35 115 82
35 117 30
35 118 100
35 121 69
35 122 6
35 124 51
35 125 88
35 128 24
35 129 34
35 131 46
35 133 65
35 135 25
35 136 29
35 137 91
35 141 68
35 145 69
35 146 11
35 147 26
35 149 74
36 37 27
36 38 96
36 39 79
36 42 19
36 43 17
36 44 20
36 47 17
36 56 65
36 58 27
36 59 50
36 60 68
36 61 55
36 62 68
36 66 39
36 68 32
36 70 8
36 71 63
36 73 18
36 74 45
36 78 88
36 80 13
36 81 54
36 82 14
36 84 70
36 88 78
36 89 10
36 90 74
36 92 81
36 93 78
36 98 42
36 99 91
36 100 32
36 101 67
36 104 98
36 105 30
36 108 87
36 110 13
36 111 5
36 112 5
36 113 88
36 115 92
36 116 40
36 119 53
36 123 45
36 124 13
36 125 3
36 132 3
36 134 16
36 141 7
36 144 34
36 145 45
36 146 67
36 148 78
36 149 86
36 150 48
37 39 33
37 43 14
37 44 10
37 45 29
37 46 39
37 47 34
37 49 73
37 50 83
37 54 68
37 55 7
37 56 51
37 57 81
37 58 68
37 61 18
37 62 14
37 63 40
37 64 92
37 65 7
37 66 85
37 68 16
37 69 83
37 73 30
37 74 83
37 76 73
37 78 18
37 79 8
37 83 57
37 84 9
37 85 44
37 86 16
37 87 45
37 91 89
37 92 41
37 95 8
37 97 54
37 98 10
37 100 36
37 104 72
37 107 50
37 108 34
37 109 56
37 115 13
37 116 68
37 117 72
37 119 48
37 120 45
37 126 42
37 127 47
37 128 50
37 130 71
37 133 88
37 137 28
37 140 89
37 141 19
37 144 86
37 145 96
37 146 56
37 147 59
37 150 63
38 41 60
38 42 64
38 53 65
38 57 82
38 58 98
38 60 43
38 61 78
38 66 8
38 67 24
38 68 17
38 70 19
38 72 67
38 76 8
38 78 71
38 79 89
38 80 57
38 82 47
38 89 76
38 90 54
38 91 28
38 92 84
38 93 31
38 95 97
38 96 40
38 100 41
38 102 39
38 104 82
38 106 19
38 108 63
38 111 65
38 117 37
38 118 42
38 119 23
38 121 13
38 122 34
38 124 15
38 125 5
38 126 18
38 127 33
38 129 73
38 130 95
38 133 72
38 134 19
38 135 88
38 137 8
38 138 4
38 139 97
38 143 95
38 144 24
38 145 5
38 147 90
38 148 14
39 40 6
39 41 57
39 44 48
39 47 6
39 49 2
39 51 97
39 52 36
39 54 35
39 56 90
39 57 50
39 58 7
39 60 21
39 61 73
39 62 96
39 64 49
39 69 36
39 70 11
39 74 73
39 75 34
39 81 10
39 82 60
39 85 22
39 87 31
39 88 62
39 90 34
39 91 63
39 92 86
39 96 82
39 98 60
39 99 15
39 100 52
39 102 24
39 103 42
39 104 73
39 106 92
39 108 50
39 111 26
39 114 46
39 115 82
39 123 48
39 124 6
39 125 61
39 127 25
39 129 67
39 130 35
39 131 8
39 133 13
39 137 8
39 140 98
39 141 34
39 142 11
39 144 37
39 147 68
39 150 54
40 41 97
40 46 51
40 48 100
40 50 14
40 52 71
40 54 68
40 56 99
40 61 1
40 66 3
40 67 84
40 69 96
40 70 80
40 71 82
40 75 63
40 83 4
40 85 99
40 89 51
40 91 96
40 93 70
40 98 21
40 100 80
40 105 28
40 108 99
40 109 6
40 112 11
40 113 80
40 114 91
40 115 61
40 117 30
40 119 51
40 120 47
40 121 36
40 125 38
40 127 89
40 128 65
40 129 5
40 130 60
40 133 23
40 134 48
40 136 12
40 140 96
40 142 25
40 143 78
40 146 65
40 150 21
41 42 47
41 43 16
41 45 64
41 46 87
41 48 63
41 49 13
41 51 65
41 52 83
41 55 9
41 56 87
41 57 86
41 58 45
41 59 34
41 61 16
41 62 21
41 64 22
41 66 39
41 68 31
41 69 65
41 70 80
41 72 6
41 73 93
41 74 52
41 76 69
41 78 16
41 79 91
41 80 48
41 84 82
41 86 19
41 87 23
41 88 45
41 90 76
41 92 67
41 94 46
41 95 54
41 98 48
41 99 1
41 102 91
41 103 83
41 111 22
41 114 60
41 115 25
41 116 6
41 121 83
41 126 40
41 129 91
41 133 85
41 134 23
41 135 22
41 137 19
41 139 2
41 140 29
41 141 27
42 45 71
42 46 9
42 48 11
42 49 90
42 52 59
42 53 61
42 54 68
42 55 83
42 56 98
42 58 14
42 59 74
42 64 84
42 67 11
42 69 73
42 71 49
42 72 55
42 73 74
42 74 94
42 76 24
42 78 84
42 79 19
42 80 25
42 82 75
42 83 93
42 85 50
42 86 71
42 87 27
42 88 2
42 89 79
42 91 74
42 94 59
42 97 59
42 102 49
42 104 46
42 105 85
42 107 98
42 108 99
42 109 80
42 110 50
42 115 12
42 119 25
42 120 69
42 124 8
42 125 41
42 128 11
42 129 13
42 131 42
42 132 82
42 133 46
42 134 33
42 135 23
42 136 9
42 139 87
42 140 83
42 143 47
42 144 5
42 145 79
42 146 87
42 147 74
43 45 55
43 46 91
43 52 31
43 54 55
43 55 23
43 58 93
43 60 45
43 62 33
43 63 98
43 67 71
43 70 90
43 71 74
43 72 74
43 74 79
43 78 74
43 79 23
43 81 66
43 83 21
43 84 32
43 85 4
43 88 29
43 89 30
43 91 100
43 93 71
43 94 26
43 95 57
43 96 18
43 98 45
43 101 51
43 102 53
43 104 3
43 105 75
43 106 15
43 107 69
43 108 10
43 110 66
43 111 33
43 112 36
43 114 4
43 115 20
43 118 60
43 119 38
43 120 96
43 125 58
43 126 2
43 127 13
43 128 18
43 132 9
43 135 73
43 139 27
43 143 11
43 150 5
44 45 8
44 46 14
44 47 6
44 49 30
44 50 6
44 51 59
44 52 82
44 53 10
44 57 57
44 59 98
44 60 33
44 63 96
44 64 14
44 65 36
44 67 21
44 69 18
44 70 48
44 72 89
44 74 50
44 75 5
44 76 1
44 77 47
44 79 28
44 83 72
44 84 63
44 85 100
44 86 68
44 89 60
44 92 36
44 97 88
44 99 89
44 101 26
44 102 14
44 105 20
44 108 81
44 109 12
44 110 40
44 111 39
44 112 67
44 114 56
44 115 60
44 117 73
44 118 63
44 125 25
44 126 39
44 127 50
44 128 68
44 129 77
44 134 47
44 139 88
44 140 69
44 141 66
44 143 16
44 144 30
44 145 59
44 147 55
44 148 54
44 149 65
45 46 78
45 48 38
45 51 35
45 52 67
45 53 36
45 54 84
45 60 30
45 63 1
45 66 40
45 67 25
45 68 90
45 69 41
45 70 44
45 72 64
45 74 33
45 77 25
45 79 74
45 80 29
45 81 88
45 86 23
45 95 54
45 96 72
45 101 40
45 102 6
45 108 12
45 110 88
45 113 68
45 118 3
45 119 29
45 120 47
45 122 54
45 124 26
45 129 10
45 131 49
45 133 23
45 134 75
45 137 83
45 139 17
45 140 65
45 141 26
46 52 36
46 56 67
46 57 54
46 58 99
46 60 86
46 61 63
46 62 56
46 64 91
46 66 26
46 68 98
46 71 11
46 72 7
46 73 72
46 74 41
46 79 76
46 80 42
46 81 2
46 83 90
46 86 61
46 87 51
46 90 80
46 91 37
46 94 78
46 97 32
46 98 85
46 100 61
46 101 90
46 102 78
46 105 78
46 106 21
46 110 29
46 111 78
46 113 79
46 114 47
46 116 72
46 119 24
46 121 12
46 126 95
46 128 42
46 129 71
46 131 69
46 132 44
46 136 50
46 137 54
46 138 76
46 139 59
46 140 47
46 143 4
46 144 12
46 145 9
46 148 58
46 149 84
46 150 36
47 50 26
47 51 94
47 52 68
47 53 62
47 60 79
47 61 71
47 62 63
47 64 65
47 65 83
47 66 38
47 67 67
47 68 93
47 69 27
47 72 56
47 76 10
47 77 77
47 79 80
47 80 28
47 81 59
47 88 92
47 90 5
47 91 29
47 92 16
47 93 89
47 94 47
47 95 42
47 97 36
47 99 75
47 102 82
47 103 52
47 104 42
47 105 26
47 106 60
47 108 20
47 109 12
47 110 26
47 112 95
47 113 70
47 115 27
47 117 60
47 119 30
47 120 32
47 124 21
47 129 69
47 131 56
47 132 11
47 133 29
47 134 24
47 135 59
47 136 12
47 139 31
47 142 81
47 144 44
47 145 81
47 146 36
47 150 68
48 50 4
48 54 86
48 55 18
48 57 96
48 59 98
48 60 98
48 61 3
48 62 24
48 66 10
48 67 78
48 68 8
48 70 31
48 71 46
48 73 59
48 75 97
48 76 94
48 77 53
48 78 88
48 79 63
48 80 36
48 84 24
48 85 93
48 86 40
48 87 61
48 88 97
48 89 57
48 90 64
48 91 79
48 92 25
48 96 40
48 97 72
48 98 67
48 99 73
48 102 70
48 105 83
48 107 82
48 109 21
48 113 80
48 114 27
48 115 23
48 117 36
48 118 16
48 119 56
48 120 46
48 123 75
48 124 61
48 125 56
48 126 98
48 127 76
48 128 98
48 130 87
48 135 74
48 137 71
48 138 14
48 139 53
48 140 36
48 145 79
48 146 23
48 147 51
48 149 8
48 150 92
49 51 3
49 55 34
49 57 66
49 58 43
49 60 23
49 61 85
49 65 40
49 67 75
49 70 83
49 73 59
49 75 78
49 77 96
49 78 45
49 79 43
49 80 72
49 81 69
49 82 54
49 84 80
49 85 52
49 87 11
49 93 99
49 95 23
49 99 91
49 101 20
49 102 91
49 103 32
49 104 15
49 105 94
49 106 72
49 107 68
49 108 87
49 109 40
49 110 32
49 111 9
49 113 61
49 114 64
49 117 2
49 119 93
49 120 38
49 122 21
49 124 3
49 126 64
49 127 69
49 128 14
49 130 20
49 133 52
49 134 39
49 135 78
49 138 30
49 140 90
49 142 62
49 143 48
49 144 73
49 146 52
49 147 40
49 148 66
49 149 6
49 150 6
50 51 2
50 52 47
50 55 16
50 56 24
50 60 94
50 66 86
50 67 85
50 69 35
50 73 99
50 74 1
50 80 34
50 82 5
50 84 54
50 85 54
50 87 1
50 90 9
50 91 55
50 96 68
50 100 36
50 103 26
50 104 85
50 107 32
50 110 40
50 117 15
50 119 10
50 120 48
50 121 52
50 123 68
50 126 7
50 127 45
50 131 30
50 132 37
50 134 86
50 136 49
50 138 1
50 140 60
50 141 75
50 143 41
50 144 94
50 145 17
50 149 13
51 52 92
51 53 4
51 55 49
51 57 68
51 58 85
51 60 17
51 61 81
51 63 92
51 66 92
51 67 38
51 68 1
51 71 48
51 72 39
51 74 77
51 75 82
51 77 78
51 79 59
51 80 24
51 83 16
51 85 36
51 89 78
51 91 90
51 92 68
51 96 19
51 98 69
51 102 62
51 103 39
51 104 4
51 108 15
51 113 72
51 114 31
51 116 56
51 118 76
51 119 81
51 120 53
51 122 74
51 123 7
51 125 50
51 126 82
51 127 45
51 132 9
51 134 46
51 138 72
51 139 28
51 140 71
51 141 68
51 142 100
51 146 92
51 148 46
51 150 20
52 53 52
52 54 62
52 56 28
52 57 3
52 59 60
52 60 82
52 61 34
52 63 61
52 64 32
52 65 39
52 66 99
52 67 37
52 71 23
52 75 7
52 76 21
52 79 22
52 80 73
52 82 21
52 83 44
52 87 77
52 89 89
52 95 30
52 96 40
52 97 6
52 98 58
52 99 75
52 100 19
52 101 81
52 102 44
52 103 74
52 104 7
52 106 93
52 107 70
52 110 66
52 111 93
52 112 20
52 116 55
52 117 72
52 118 26
52 120 59
52 123 89
52 125 79
52 126 53
52 128 25
52 133 48
52 134 41
52 140 79
52 143 38
52 145 76
52 147 51
53 55 71
53 57 77
53 60 31
53 62 99
53 64 55
53 65 41
53 66 8
53 68 18
53 70 23
53 71 99
53 73 13
53 79 52
53 80 61
53 85 31
53 86 2
53 87 91
53 88 79
53 89 54
53 91 93
53 92 92
53 93 97
53 94 10
53 96 79
53 97 63
53 101 40
53 102 24
53 103 89
53 106 84
53 108 11
53 111 60
53 113 45
53 114 53
53 115 85
53 119 46
53 121 82
53 122 44
53 123 14
53 124 81
53 125 4
53 126 68
53 133 68
53 135 65
53 136 58
53 138 58
53 143 6
53 144 12
53 145 2
53 148 18
53 149 87
53 150 76
54 64 9
54 65 49
54 66 35
54 69 37
54 70 19
54 71 36
54 73 64
54 74 63
54 78 57
54 80 49
54 82 46
54 83 73
54 85 44
54 86 46
54 91 66
54 93 21
54 95 51
54 98 10
54 99 85
54 100 65
54 101 61
54 102 98
54 109 99
54 112 41
54 113 62
54 114 9
54 115 83
54 117 9
54 121 31
54 123 81
54 130 9
54 131 46
54 133 97
54 134 36
54 136 22
54 138 73
54 139 26
54 141 84
54 142 92
54 145 87
55 57 88
55 60 53
55 61 10
55 63 84
55 64 78
55 68 49
55 69 69
55 71 2
55 72 25
55 79 42
55 84 22
55 86 90
55 91 8
55 92 94
55 93 98
55 94 12
55 95 89
55 97 51
55 100 82
55 101 67
55 104 6
55 106 47
55 107 11
55 109 76
55 110 77
55 111 21
55 113 11
55 117 37
55 119 78
55 120 72
55 121 57
55 122 2
55 123 68
55 128 78
55 129 14
55 133 22
55 134 83
55 137 1
55 138 28
55 139 39
55 143 13
55 144 86
55 147 42
55 150 22
56 57 45
56 60 31
56 61 6
56 63 73
56 66 96
56 67 52
56 69 85
56 70 95
56 76 89
56 78 49
56 79 13
56 86 15
56 89 49
56 90 75
56 92 68
56 93 67
56 94 14
56 97 8
56 99 68
56 100 78
56 101 68
56 104 59
56 106 89
56 109 99
56 111 11
56 113 46
56 116 30
56 119 56
56 120 95
56 121 79
56 123 93
56 126 35
56 127 66
56 128 78
56 131 6
56 135 3
56 136 18
56 140 49
56 142 80
56 145 28
56 147 88
57 61 57
57 62 20
57 64 81
57 67 81
57 68 74
57 73 42
57 74 37
57 75 39
57 76 89
57 77 6
57 79 3
57 81 10
57 85 30
57 86 76
57 88 66
57 89 13
57 90 55
57 91 8
57 95 43
57 96 14
57 97 44
57 98 36
57 102 43
57 103 60
57 104 87
57 105 3
57 107 72
57 109 33
57 111 94
57 112 76
57 113 43
57 114 65
57 118 42
57 124 44
57 127 12
57 130 80
57 131 17
57 133 20
57 134 89
57 136 36
57 138 41
57 140 17
57 146 54
57 148 41
57 149 14
57 150 96
58 59 59
58 60 49
58 62 20
58 66 98
58 67 68
58 68 48
58 73 65
58 75 26
58 77 93
58 82 64
58 85 51
58 86 27
58 87 88
58 88 22
58 89 43
58 92 78
58 93 95
58 96 94
58 97 71
58 98 64
58 99 74
58 101 40
58 102 12
58 105 24
58 108 31
58 111 86
58 113 41
58 114 29
58 117 2
58 119 31
58 120 67
58 121 15
58 124 92
58 126 93
58 129 74
58 133 66
58 136 13
58 137 2
58 142 95
58 143 42
58 145 61
58 146 75
58 148 3
58 150 76
59 60 19
59 63 92
59 66 22
59 67 64
59 68 95
59 70 84
59 78 16
59 79 75
59 80 43
59 83 69
59 85 10
59 87 36
59 88 30
59 89 66
59 91 8
59 92 92
59 94 5
59 98 95
59 100 23
59 101 9
59 105 27
59 107 63
59 109 21
59 111 21
59 112 81
59 113 13
59 114 17
59 116 72
59 118 77
59 119 14
59 121 4
59 123 100
59 124 76
59 125 37
59 126 99
59 128 79
59 131 39
59 133 28
59 135 79
59 136 26
59 140 80
59 141 16
59 142 17
59 143 41
59 146 12
59 149 90
60 64 79
60 65 16
60 66 53
60 68 9
60 69 21
60 72 100
60 73 97
60 74 89
60 75 22
60 77 66
60 79 76
60 81 98
60 82 71
60 84 10
60 85 89
60 86 32
60 87 20
60 91 24
60 94 38
60 95 70
60 97 45
60 99 81
60 102 78
60 103 76
60 104 26
60 106 94
60 107 89
60 108 4
60 109 41
60 113 92
60 114 56
60 116 36
60 117 38
60 122 64
60 125 59
60 126 58
60 127 50
60 128 9
60 129 11
60 130 18
60 131 71
60 132 100
60 133 15
60 136 31
60 137 7
60 138 68
60 141 90
60 142 77
60 144 15
60 146 12
60 147 54
60 149 48
60 150 14
61 62 46
61 64 62
61 65 78
61 66 49
61 67 85
61 68 61
61 69 27
61 71 90
61 72 68
61 78 5
61 81 92
61 83 94
61 85 51
61 86 58
61 90 28
61 94 39
61 95 64
61 96 84
61 100 65
61 101 60
61 102 48
61 107 5
61 110 50
61 111 29
61 113 3
61 115 36
61 119 94
61 121 66
61 122 22
61 123 80
61 124 49
61 126 55
61 128 46
61 129 37
61 130 14
61 132 38
61 135 36
61 139 29
61 140 53
61 141 47
61 146 46
61 147 98
61 148 60
61 149 61
62 63 32
62 65 64
62 66 23
62 74 55
62 75 38
62 79 10
62 84 59
62 85 43
62 86 20
62 87 89
62 88 69
62 91 98
62 93 15
62 96 36
62 100 20
62 101 100
62 102 74
62 103 36
62 104 21
62 107 44
62 108 32
62 109 58
62 111 58
62 112 95
62 114 33
62 119 14
62 122 38
62 124 43
62 126 4
62 127 2
62 129 76
62 132 4
62 134 95
62 135 61
62 140 44
62 142 7
62 143 82
62 145 52
62 146 2
62 147 6
62 149 7
63 66 10
63 67 12
63 68 93
63 69 37
63 70 44
63 72 7
63 73 41
63 76 89
63 79 69
63 80 7
63 81 95
63 82 92
63 84 41
63 85 31
63 88 90
63 89 50
63 91 20
63 96 47
63 98 67
63 99 71
63 101 89
63 103 94
63 105 100
63 107 93
63 108 69
63 111 7
63 112 99
63 113 35
63 115 90
63 117 86
63 119 9
63 120 46
63 122 57
63 123 68
63 127 10
63 128 91
63 130 77
63 134 59
63 135 31
63 137 44
63 138 95
63 141 32
63 143 54
63 146 95
63 147 52
63 149 36
64 65 16
64 67 42
64 73 76
64 74 59
64 77 48
64 79 81
64 80 58
64 81 72
64 83 77
64 89 83
64 91 31
64 94 80
64 99 4
64 100 56
64 103 34
64 104 59
64 105 47
64 107 52
64 108 33
64 110 31
64 111 62
64 115 2
64 116 35
64 117 41
64 118 29
64 123 24
64 124 83
64 128 41
64 129 20
64 131 84
64 133 54
64 140 41
64 143 25
64 144 9
64 145 57
64 148 64
64 150 93
65 67 53
65 69 62
65 70 7
65 74 90
65 75 35
65 77 97
65 78 72
65 83 84
65 84 72
65 87 27
65 94 1
65 97 5
65 99 40
65 104 21
65 105 39
65 107 93
65 109 17
65 113 92
65 114 85
65 116 68
65 118 20
65 119 71
65 120 62
65 126 66
65 127 46
65 128 28
65 129 76
65 131 65
65 133 4
65 134 17
65 136 62
65 138 1
65 141 72
65 144 1
65 145 31
65 146 90
65 147 5
65 148 76
65 149 85
66 67 87
66 68 56
66 70 88
66 71 72
66 74 9
66 75 43
66 79 83
66 80 50
66 81 9
66 83 41
66 85 20
66 86 18
66 90 84
66 92 74
66 93 88
66 94 5
66 100 53
66 101 75
66 102 55
66 105 81
66 106 66
66 108 83
66 110 28
66 113 100
66 115 83
66 116 3
66 117 20
66 120 70
66 121 58
66 122 31
66 124 36
66 127 4
66 128 77
66 129 86
66 130 43
66 133 46
66 134 39
66 135 67
66 138 79
66 139 75
66 141 32
66 142 43
66 143 64
66 144 23
66 146 12
66 147 70
66 148 6
66 149 87
66 150 97
67 69 40
67 71 92
67 72 65
67 74 100
67 76 73
67 79 28
67 80 59
67 83 57
67 84 71
67 85 72
67 86 17
67 87 4
67 89 68
67 90 99
67 91 95
67 92 40
67 94 23
67 96 15
67 99 54
67 100 58
67 102 56
67 103 9
67 104 16
67 105 40
67 109 18
67 112 100
67 113 9
67 114 94
67 121 82
67 122 26
67 123 79
67 124 38
67 126 21
67 127 6
67 128 79
67 131 92
67 132 33
67 134 17
67 135 58
67 136 26
67 137 92
67 139 32
67 140 82
67 143 97
67 145 91
67 146 78
67 147 10
67 150 56
68 70 68
68 72 1
68 77 94
68 79 43
68 81 1
68 83 69
68 84 35
68 85 41
68 86 25
68 91 90
68 93 64
68 94 39
68 98 92
68 99 52
68 102 49
68 103 83
68 106 58
68 107 12
68 108 88
68 115 7
68 117 95
68 118 78
68 123 34
68 125 90
68 132 94
68 134 2
68 136 75
68 137 58
68 138 31
68 141 92
68 144 87
68 146 79
68 147 59
68 149 85
69 73 31
69 74 86
69 75 48
69 77 40
69 78 64
69 80 95
69 81 29
69 82 94
69 84 78
69 87 11
69 89 8
69 90 6
69 92 44
69 94 27
69 96 7
69 97 26
69 98 97
69 100 54
69 103 64
69 104 7
69 105 11
69 107 89
69 108 2
69 111 39
69 112 19
69 113 17
69 115 47
69 118 90
69 119 88
69 120 80
69 122 81
69 124 11
69 125 99
69 127 14
69 128 43
69 130 84
69 131 94
69 132 74
69 135 45
69 136 87
69 138 94
69 141 10
69 147 10
69 148 70
69 149 84
70 73 27
70 74 88
70 76 32
70 77 56
70 79 19
70 83 5
70 84 37
70 85 2
70 86 57
70 89 12
70 91 55
70 93 91
70 94 75
70 95 65
70 96 3
70 97 53
70 98 83
70 100 24
70 103 30
70 106 42
70 107 6
70 108 48
70 111 14
70 118 70
70 119 14
70 120 28
70 123 44
70 125 63
70 127 43
70 128 1
70 129 19
70 130 28
70 131 39
70 132 70
70 133 72
70 136 47
70 137 65
70 138 87
70 139 34
70 140 15
70 144 48
71 73 2
71 74 93
71 75 59
71 76 71
71 78 98
71 79 34
71 82 84
71 83 10
71 84 97
71 85 37
71 87 91
71 89 16
71 90 47
71 97 59
71 99 2
71 105 10
71 106 55
71 108 94
71 112 22
71 113 2
71 115 89
71 120 87
71 123 43
71 125 59
71 126 62
71 128 71
71 129 86
71 134 85
71 135 33
71 136 24
71 138 74
71 139 73
71 142 84
71 146 92
71 147 99
71 148 5
71 149 18
72 73 48
72 74 9
72 75 45
72 77 25
72 79 100
72 80 66
72 81 40
72 83 24
72 86 83
72 87 87
72 88 14
72 89 93
72 91 42
72 95 21
72 98 75
72 99 20
72 102 64
72 104 77
72 107 76
72 108 81
72 109 95
72 110 20
72 111 34
72 114 59
72 120 37
72 122 77
72 123 59
72 125 54
72 127 92
72 129 23
72 130 54
72 131 97
72 134 77
72 135 97
72 137 51
72 139 26
72 140 12
72 141 12
72 142 69
72 143 80
72 145 23
72 146 88
72 148 4
72 149 50
73 75 33
73 80 31
73 82 42
73 83 61
73 84 93
73 91 22
73 92 2
73 93 42
73 95 43
73 97 28
73 101 3
73 102 97
73 106 71
73 108 53
73 109 71
73 110 72
73 113 4
73 115 3
73 122 73
73 123 68
73 129 27
73 130 28
73 132 93
73 135 8
73 137 68
73 138 49
73 141 61
73 143 93
73 145 37
73 146 7
74 77 15
74 79 64
74 81 74
74 82 6
74 83 22
74 84 16
74 85 68
74 86 68
74 87 94
74 88 59
74 89 99
74 93 40
74 94 6
74 95 85
74 96 49
74 98 93
74 99 45
74 101 45
74 103 49
74 106 36
74 107 49
74 108 60
74 109 32
74 110 61
74 112 32
74 113 77
74 114 37
74 115 69
74 116 95
74 122 88
74 129 91
74 131 53
74 132 49
74 135 22
74 136 16
74 137 12
74 138 82
74 139 2
74 140 7
74 142 65
74 144 88
74 148 27
75 77 80
75 78 69
75 79 39
75 82 15
75 84 76
75 85 31
75 88 89
75 89 75
75 90 23
75 95 51
75 96 9
75 98 86
75 99 99
75 100 38
75 101 28
75 103 16
75 110 14
75 111 53
75 112 88
75 113 66
75 114 90
75 115 92
75 117 4
75 120 99
75 121 24
75 122 62
75 127 36
75 128 78
75 130 43
75 131 43
75 135 51
75 136 77
75 140 90
75 141 76
75 145 42
75 146 19
76 77 76
76 79 65
76 80 44
76 84 24
76 85 90
76 86 85
76 95 97
76 96 7
76 97 93
76 100 46
76 103 76
76 104 61
76 105 37
76 106 13
76 107 92
76 109 20
76 115 51
76 116 29
76 117 41
76 119 91
76 121 67
76 122 17
76 123 86
76 124 1
76 129 21
76 130 66
76 132 44
76 143 7
76 147 35
76 149 70
77 84 96
77 85 50
77 88 52
77 89 85
77 90 73
77 91 70
77 93 90
77 94 98
77 95 39
77 97 96
77 99 61
77 102 21
77 107 94
77 110 59
77 114 42
77 115 61
77 118 29
77 120 28
77 121 73
77 122 23
77 125 15
77 127 100
77 128 65
77 129 1
77 130 47
77 131 30
77 133 35
77 135 71
77 136 79
77 144 24
77 146 36
77 147 5
77 148 50
78 80 22
78 83 20
78 85 85
78 87 84
78 88 87
78 91 53
78 96 47
78 104 61
78 105 93
78 106 10
78 107 56
78 109 25
78 110 24
78 111 37
78 113 78
78 115 50
78 118 61
78 121 75
78 123 69
78 125 58
78 127 23
78 128 44
78 129 99
78 130 49
78 132 60
78 136 95
78 140 48
78 142 1
78 143 73
78 144 72
78 145 83
78 147 69
78 149 57
78 150 44
79 80 72
79 81 89
79 82 94
79 83 45
79 85 36
79 86 12
79 88 12
79 91 18
79 95 78
79 97 46
79 98 14
79 99 83
79 100 90
79 102 36
79 103 44
79 109 18
79 110 51
79 112 90
79 113 24
79 114 6
79 116 59
79 121 36
79 122 31
79 123 89
79 124 49
79 125 79
79 129 25
79 130 67
79 131 21
79 132 70
79 133 39
79 134 82
79 137 21
79 139 59
79 140 32
79 141 83
79 142 12
79 145 87
79 146 46
79 147 25
79 149 69
80 81 96
80 82 25
80 83 62
80 84 49
80 86 7
80 88 95
80 92 4
80 93 9
80 94 31
80 95 90
80 98 5
80 100 24
80 102 59
80 105 71
80 109 68
80 110 68
80 111 51
80 115 2
80 117 11
80 118 24
80 120 84
80 124 93
80 125 89
80 127 29
80 128 20
80 131 35
80 136 41
80 139 17
80 140 9
80 144 88
80 145 76
80 146 22
80 147 13
80 148 85
80 149 2
80 150 30
81 82 36
81 83 83
81 84 32
81 85 35
81 87 88
81 92 54
81 97 88
81 102 22
81 104 99
81 106 36
81 107 37
81 108 34
81 112 33
81 113 28
81 116 5
81 118 76
81 119 65
81 121 92
81 122 64
81 124 13
81 126 4
81 128 76
81 129 87
81 130 99
81 132 45
81 134 82
81 138 65
81 139 16
81 142 58
81 143 5
81 144 77
81 147 99
81 148 70
81 149 77
82 84 48
82 86 85
82 87 93
82 90 30
82 91 40
82 92 21
82 93 64
82 94 19
82 95 2
82 96 25
82 101 30
82 103 28
82 104 54
82 105 18
82 106 45
82 110 72
82 111 99
82 112 4
82 113 13
82 115 25
82 117 100
82 122 79
82 123 75
82 127 6
82 130 41
82 131 71
82 133 49
82 134 38
82 139 91
82 142 100
82 143 1
82 145 90
82 147 80
82 150 56
83 85 60
83 86 9
83 87 16
83 88 74
83 90 15
83 91 3
83 92 74
83 93 6
83 97 58
83 99 32
83 105 36
83 107 63
83 108 31
83 109 9
83 110 24
83 113 15
83 116 56
83 117 61
83 122 85
83 125 50
83 126 61
83 127 90
83 131 15
83 133 75
83 134 54
83 135 38
83 137 34
83 139 8
83 142 25
83 149 87
84 87 30
84 90 37
84 93 74
84 94 75
84 96 75
84 102 41
84 106 57
84 108 35
84 109 58
84 110 16
84 111 54
84 115 38
84 117 11
84 120 35
84 121 7
84 123 66
84 124 31
84 125 48
84 128 79
84 132 2
84 133 49
84 135 94
84 136 100
84 139 95
84 140 57
84 142 27
84 146 47
84 150 34
85 86 89
85 89 33
85 90 3
85 92 10
85 94 89
85 95 47
85 96 8
85 97 64
85 100 49
85 101 100
85 104 3
85 105 9
85 106 89
85 107 13
85 108 44
85 112 87
85 113 98
85 116 68
85 118 1
85 119 87
85 120 7
85 121 52
85 124 46
85 125 36
85 126 81
85 127 29
85 128 2
85 129 61
85 131 44
85 132 1
85 134 48
85 136 92
85 137 74
85 140 8
85 141 9
85 144 54
85 145 13
85 146 81
85 147 67
85 150 24
86 87 73
86 89 77
86 90 21
86 91 57
86 92 57
86 95 25
86 96 67
86 97 90
86 98 10
86 100 62
86 105 75
86 106 45
86 107 34
86 110 55
86 111 69
86 112 75
86 113 86
86 114 62
86 116 42
86 118 70
86 119 62
86 121 42
86 122 99
86 123 64
86 125 71
86 126 84
86 127 5
86 129 47
86 130 100
86 133 83
86 139 68
86 144 48
86 145 57
86 147 16
86 149 69
86 150 88
87 89 94
87 91 20
87 92 79
87 94 51
87 97 65
87 102 14
87 103 30
87 104 68
87 105 52
87 109 67
87 110 34
87 111 73
87 113 60
87 115 80
87 116 84
87 117 41
87 119 14
87 120 95
87 121 28
87 122 63
87 126 14
87 127 67
87 129 34
87 130 27
87 132 38
87 136 22
87 138 15
87 139 73
87 140 8
87 141 6
87 142 43
87 144 10
87 147 67
87 149 73
87 150 31
88 91 16
88 92 88
88 94 44
88 96 49
88 97 93
88 98 85
88 99 31
88 102 73
88 108 52
88 109 7
88 112 1
88 114 1
88 117 45
88 120 1
88 121 49
88 123 70
88 124 5
88 126 56
88 128 22
88 130 32
88 131 94
88 132 4
88 137 27
88 138 15
88 139 16
88 140 6
88 141 41
88 142 44
88 146 76
89 91 40
89 93 12
89 96 50
89 97 23
89 102 3
89 103 84
89 104 92
89 107 32
89 108 53
89 109 44
89 114 41
89 118 99
89 119 37
89 121 27
89 124 80
89 125 28
89 126 49
89 127 16
89 130 74
89 131 79
89 132 87
89 133 75
89 134 100
89 136 71
89 137 39
89 138 61
89 139 9
89 140 62
89 141 42
89 144 32
89 145 73
89 146 48
89 147 29
89 149 4
90 92 31
90 93 12
90 94 4
90 99 23
90 101 42
90 102 79
90 106 70
90 107 19
90 110 65
90 114 23
90 116 100
90 117 64
90 118 21
90 119 48
90 120 99
90 121 68
90 122 32
90 123 46
90 124 20
90 126 89
90 128 89
90 133 79
90 134 84
90 135 12
90 136 47
90 137 74
90 139 73
90 143 43
90 144 18
90 145 67
90 148 33
91 92 27
91 94 92
91 95 44
91 99 50
91 100 25
91 101 12
91 103 54
91 104 93
91 107 46
91 108 2
91 109 24
91 111 78
91 113 54
91 114 24
91 115 8
91 116 96
91 118 27
91 123 81
91 124 5
91 126 32
91 127 57
91 128 23
91 130 8
91 131 75
91 132 68
91 133 46
91 135 48
91 136 6
91 140 70
91 142 75
91 143 17
91 145 96
91 149 65
92 93 35
92 96 2
92 98 62
92 99 97
92 100 42
92 101 31
92 102 84
92 103 46
92 104 96
92 105 4
92 106 65
92 108 87
92 110 62
92 111 1
92 113 46
92 114 97
92 116 37
92 117 27
92 118 21
92 120 3
92 125 77
92 126 24
92 127 92
92 128 39
92 131 34
92 133 21
92 135 24
92 136 54
92 137 77
92 138 60
92 139 12
92 141 52
92 142 73
92 143 23
92 144 44
92 145 58
92 147 72
92 148 99
92 149 30
92 150 41
93 94 50
93 95 93
93 97 68
93 98 32
93 102 8
93 103 50
93 104 37
93 105 92
93 108 91
93 113 48
93 115 60
93 119 82
93 122 15
93 123 93
93 125 83
93 127 68
93 130 39
93 132 72
93 133 83
93 134 38
93 135 60
93 139 72
93 140 43
93 144 70
93 148 87
93 149 40
93 150 34
94 96 45
94 97 28
94 102 41
94 108 4
94 110 63
94 114 60
94 115 90
94 116 45
94 118 65
94 119 27
94 120 21
94 123 42
94 124 69
94 126 64
94 127 65
94 129 75
94 130 93
94 133 64
94 138 43
94 140 97
94 142 25
94 143 3
94 144 7
94 145 29
94 146 60
94 147 50
94 148 83
94 150 52
95 98 15
95 102 14
95 112 24
95 113 43
95 114 33
95 116 13
95 123 22
95 124 10
95 125 76
95 127 2
95 129 49
95 130 55
95 131 71
95 134 26
95 135 16
95 137 6
95 138 47
95 139 70
95 141 1
95 142 9
95 143 2
95 144 27
95 145 15
95 147 80
96 98 14
96 99 80
96 101 100
96 102 59
96 103 54
96 104 27
96 105 27
96 110 57
96 112 70
96 117 41
96 122 7
96 123 72
96 125 23
96 127 36
96 128 6
96 129 5
96 130 96
96 132 3
96 133 60
96 134 99
96 136 93
96 137 74
96 139 44
96 142 64
96 143 67
96 145 38
96 147 7
96 148 93
96 150 73
97 101 98
97 103 77
97 104 35
97 105 58
97 106 47
97 109 90
97 110 94
97 114 28
97 115 59
97 116 63
97 117 5
97 119 89
97 120 11
97 121 86
97 128 95
97 129 65
97 130 88
97 131 24
97 132 99
97 135 1
97 136 11
97 140 10
97 143 75
97 144 73
97 145 65
97 146 28
97 148 84
97 149 72
98 99 23
98 100 42
98 101 3
98 102 77
98 104 14
98 105 99
98 109 90
98 110 31
98 111 11
98 113 43
98 114 52
98 115 17
98 116 68
98 118 46
98 122 56
98 125 57
98 126 37
98 127 47
98 128 2
98 129 4
98 130 89
98 131 92
98 132 5
98 135 6
98 136 10
98 138 89
98 140 71
98 142 31
98 143 98
98 144 14
98 146 22
98 147 21
98 148 96
98 149 17
99 102 70
99 104 92
99 105 61
99 107 50
99 108 50
99 110 19
99 112 27
99 113 39
99 114 11
99 119 100
99 120 11
99 121 65
99 125 16
99 126 89
99 130 24
99 131 13
99 133 72
99 134 55
99 135 72
99 139 36
99 142 45
99 144 8
99 145 67
99 146 66
99 147 60
99 149 30
100 101 69
100 102 68
100 104 82
100 106 68
100 107 57
100 113 44
100 114 90
100 117 20
100 118 29
100 119 92
100 120 2
100 122 95
100 123 91
100 125 77
100 126 2
100 129 86
100 130 81
100 131 53
100 135 64
100 136 85
100 137 21
100 140 60
100 145 42
100 147 27
100 148 73
100 150 87
101 102 21
101 103 10
101 104 81
101 105 11
101 106 58
101 107 43
101 109 98
101 111 47
101 114 50
101 120 31
101 122 96
101 124 32
101 125 45
101 126 56
101 131 8
101 133 89
101 136 79
101 138 49
101 139 1
101 141 79
101 142 12
101 144 75
101 145 21
101 149 53
102 107 55
102 110 23
102 111 58
102 112 28
102 113 21
102 115 87
102 116 75
102 117 13
102 122 20
102 123 56
102 124 73
102 126 36
102 127 16
102 133 14
102 140 83
102 144 100
102 145 64
102 148 62
102 149 82
102 150 81
103 104 66
103 105 14
103 107 4
103 110 91
103 112 55
103 113 20
103 114 24
103 117 32
103 118 51
103 119 58
103 120 91
103 121 76
103 122 89
103 127 29
103 128 17
103 129 77
103 134 76
103 138 51
103 141 38
103 142 88
103 146 42
104 107 82
104 108 17
104 109 59
104 111 79
104 113 31
104 114 68
104 116 97
104 119 24
104 120 92
104 122 72
104 126 26
104 127 9
104 128 100
104 129 70
104 130 22
104 131 7
104 137 50
104 145 98
104 146 63
104 148 40
104 149 29
104 150 88
105 107 17
105 108 36
105 109 52
105 110 12
105 113 72
105 114 81
105 115 34
105 119 49
105 122 62
105 123 14
105 124 11
105 125 4
105 127 11
105 129 73
105 130 46
105 131 72
105 135 99
105 137 44
105 140 7
105 141 56
105 149 85
106 108 77
106 109 72
106 112 97
106 116 25
106 117 66
106 120 26
106 121 1
106 122 4
106 123 90
106 125 79
106 128 32
106 129 7
106 131 55
106 132 81
106 135 79
106 136 49
106 138 74
106 139 29
106 141 26
106 144 4
106 145 18
106 146 87
106 147 16
106 148 48
106 149 32
106 150 52
107 110 38
107 111 68
107 112 90
107 113 9
107 115 3
107 116 4
107 118 15
107 120 92
107 122 3
107 123 52
107 125 70
107 126 99
107 129 69
107 130 68
107 131 2
107 132 76
107 133 38
107 135 83
107 136 73
107 137 37
107 140 80
107 141 32
107 145 19
107 146 67
108 109 41
108 110 27
108 115 3
108 116 18
108 118 29
108 121 29
108 125 43
108 126 39
108 128 38
108 129 80
108 130 77
108 136 16
108 137 71
108 138 50
108 139 1
108 141 83
108 142 82
108 143 14
108 144 45
108 147 93
109 110 74
109 115 27
109 116 49
109 121 80
109 126 21
109 127 25
109 128 35
109 129 36
109 132 95
109 134 22
109 135 36
109 139 36
109 141 30
109 144 43
109 145 95
109 148 85
109 149 79
110 111 65
110 113 40
110 117 76
110 123 83
110 127 10
110 128 58
110 131 4
110 133 29
110 135 90
110 137 60
110 144 98
110 148 20
110 149 90
111 113 21
111 115 48
111 116 72
111 122 96
111 123 60
111 124 24
111 125 6
111 127 53
111 128 63
111 129 92
111 130 79
111 131 79
111 134 38
111 137 69
111 140 23
111 144 95
111 145 36
111 146 24
111 148 41
111 149 91
112 115 87
112 116 68
112 117 100
112 119 45
112 121 64
112 127 14
112 128 84
112 129 28
112 131 85
112 132 40
112 134 80
112 135 40
112 136 25
112 139 58
112 140 65
112 142 5
112 146 5
112 147 45
112 149 35
113 116 50
113 117 52
113 118 94
113 120 25
113 121 16
113 122 4
113 124 95
113 127 77
113 128 92
113 131 21
113 133 13
113 134 65
113 135 90
113 136 9
113 137 63
113 139 69
113 142 63
113 145 12
113 147 94
113 149 89
113 150 11
114 121 36
114 123 17
114 124 39
114 125 69
114 128 16
114 129 8
114 132 35
114 134 94
114 136 10
114 137 21
114 140 31
114 142 84
114 144 62
114 150 32
115 118 18
115 119 95
115 121 80
115 122 45
115 124 4
115 125 43
115 126 58
115 127 95
115 130 30
115 133 63
115 134 31
115 135 94
115 139 84
115 145 66
115 147 64
115 148 22
115 149 66
115 150 27
116 118 2
116 122 2
116 124 4
116 125 86
116 128 71
116 129 32
116 130 8
116 131 32
116 133 59
116 134 100
116 135 37
116 136 96
116 139 59
116 141 25
116 144 78
116 145 94
116 148 27
116 149 48
117 118 40
117 119 50
117 121 95
117 127 58
117 129 2
117 130 100
117 131 2
117 133 66
117 136 95
117 137 30
117 139 87
117 144 52
117 145 85
117 146 1
117 148 75
117 149 77
117 150 73
118 121 22
118 122 83
118 124 70
118 125 7
118 129 22
118 131 40
118 133 18
118 134 94
118 136 76
118 137 10
118 139 54
118 140 76
118 142 84
118 144 71
118 146 55
118 147 67
118 148 49
118 149 21
118 150 10
119 120 64
119 122 29
119 125 94
119 126 20
119 127 7
119 130 77
119 132 48
119 135 96
119 140 61
119 142 12
119 145 96
119 146 49
119 147 7
119 149 51
119 150 6
120 121 59
120 123 72
120 124 10
120 127 55
120 128 86
120 129 6
120 133 3
120 136 33
120 137 15
120 139 50
120 142 56
120 146 51
120 148 93
120 149 93
121 122 77
121 124 88
121 125 54
121 131 5
121 133 14
121 134 91
121 135 85
121 136 22
121 138 56
121 139 12
121 140 92
121 141 9
121 142 80
121 145 59
121 147 6
122 125 51
122 126 73
122 129 48
122 132 79
122 133 7
122 135 51
122 136 33
122 137 25
122 139 19
122 143 30
122 149 35
123 124 66
123 125 6
123 126 73
123 127 1
123 128 2
123 130 7
123 132 41
123 135 3
123 136 4
123 138 56
123 140 50
123 143 57
123 145 56
123 146 51
124 125 75
124 129 42
124 131 91
124 132 36
124 133 91
124 138 21
124 139 38
124 141 36
124 142 67
124 143 28
124 145 38
124 147 71
124 148 26
125 127 64
125 130 35
125 134 15
125 136 15
125 137 30
125 138 97
125 139 93
125 142 29
125 146 81
125 149 5
126 128 14
126 129 90
126 130 41
126 131 8
126 136 51
126 139 38
126 147 40
126 149 58
126 150 37
127 130 31
127 132 4
127 133 74
127 134 25
127 136 22
127 139 69
127 146 1
127 149 73
127 150 55
128 129 22
128 134 63
128 135 67
128 136 42
128 137 49
128 139 87
128 140 49
128 141 3
128 143 91
128 144 92
128 145 66
128 146 6
128 147 36
128 148 54
128 149 1
129 130 28
129 131 20
129 133 90
129 134 6
129 135 46
129 137 38
129 138 73
129 140 65
129 142 35
129 143 30
129 144 26
129 145 23
129 147 52
130 131 40
130 132 96
130 134 45
130 135 98
130 136 5
130 138 65
130 142 66
130 144 19
130 145 2
130 146 74
130 148 59
130 149 22
130 150 17
131 132 17
131 138 51
131 140 67
131 141 54
131 143 78
131 144 74
131 146 81
131 147 54
131 148 23
132 136 81
132 142 17
132 145 42
132 150 54
133 134 98
133 136 9
133 137 27
133 138 90
133 141 21
133 144 16
133 145 8
133 148 22
133 149 54
134 141 54
134 143 69
134 148 41
134 150 96
135 140 94
135 141 52
135 142 99
135 146 63
135 147 62
135 150 92
136 138 29
136 139 14
136 141 99
136 142 2
136 144 42
136 148 57
136 149 21
136 150 51
137 138 50
137 140 25
137 141 60
137 143 43
137 147 49
137 150 77
138 141 90
138 143 28
138 144 74
138 147 68
138 149 7
139 141 50
139 142 87
139 143 50
139 145 74
139 146 55
139 148 98
139 149 42
139 150 71
140 144 83
140 146 14
140 147 49
140 149 65
140 150 2
141 142 1
141 145 51
141 150 19
142 143 12
142 146 10
142 147 56
143 144 5
143 146 85
143 148 71
143 149 98
143 150 28
144 148 69
144 149 17
144 150 89
145 146 26
145 149 46
145 150 91
146 147 59
146 148 59
146 149 50
148 149 63
148 150 43
149 150 35
